  double point
          mnup     2.401584180000000         1.000000         0.000000    
       kdcmoss    6.0395060000000000E-03     1.000000         0.000000    
       kdcrawc    6.0533555000000003E-02     1.000000         0.000000    
       kdcsoma    1.0119872000000000E-02     1.000000         0.000000    
      kdcsompr    2.4389160000000002E-03     1.000000         0.000000    
      kdcsomcr    9.4492299999999997E-06     1.000000         0.000000    
        imossc     398.1597553000000         1.000000         0.000000    
        ishlwc     1050.871205000000         1.000000         0.000000    
        ideepc     3303.072446000000         1.000000         0.000000    
        iminec     24277.06983000000         1.000000         0.000000    
         isoln     2313.430040000000         1.000000         0.000000    
         iavln     2.335000000000000         1.000000         0.000000    
