  double point
         cmax3     1000.000000000000         1.000000         0.000000    
         nmax3     5.999960000000000         1.000000         0.000000    
       cfalll3    5.0000000000000001E-03     1.000000         0.000000    
       cfallr3    5.1499999999999997E-02     1.000000         0.000000    
       nfalll3    2.9999999999999999E-02     1.000000         0.000000    
       nfallr3    7.3899999999999993E-02     1.000000         0.000000    
         krb03    -3.854820000000000         1.000000         0.000000    
         krb23    -3.004220000000000         1.000000         0.000000    
         cmax4     870.5900000000000         1.000000         0.000000    
         nmax4     4.999880000000000         1.000000         0.000000    
       cfalll4    8.3299999999999999E-02     1.000000         0.000000    
       cfallr4    2.7900000000000001E-02     1.000000         0.000000    
       nfalll4    8.4899999999999993E-03     1.000000         0.000000    
       nfallr4    7.0000000000000001E-03     1.000000         0.000000    
         krb04    -2.000000000000000         1.000000         0.000000    
         krb24    -2.100000000000000         1.000000         0.000000    
         cmax5     79.83669999999999         1.000000         0.000000    
         nmax5     3.000000000000000         1.000000         0.000000    
       cfalll5    3.5000000000000003E-02     1.000000         0.000000    
       cfallr5     0.000000000000000         1.000000         0.000000    
       nfalll5    8.0000000000000002E-03     1.000000         0.000000    
       nfallr5     0.000000000000000         1.000000         0.000000    
         krb05    -2.500000000000000         1.000000         0.000000    
         krb25     0.000000000000000         1.000000         0.000000    
         cmax6     220.0000000000000         1.000000         0.000000    
         nmax6     2.100000000000000         1.000000         0.000000    
       cfalll6    3.0700000000000002E-02     1.000000         0.000000    
       cfallr6     0.000000000000000         1.000000         0.000000    
       nfalll6    1.5000000000000000E-03     1.000000         0.000000    
       nfallr6     0.000000000000000         1.000000         0.000000    
         krb06    -3.036690000000000         1.000000         0.000000    
         krb26     0.000000000000000         1.000000         0.000000    
          mnup     2.401580000000000         1.000000         0.000000    
       kdcmoss    6.0400000000000002E-03     1.000000         0.000000    
       kdcrawc    8.9999999999999997E-02     1.000000         0.000000    
       kdcsoma    1.0100000000000000E-02     1.000000         0.000000    
      kdcsompr    2.4399999999999999E-03     1.000000         0.000000    
      kdcsomcr    9.4499999999999993E-06     1.000000         0.000000    
        imossc     475.0000000000000         1.000000         0.000000    
        ishlwc     1500.000000000000         1.000000         0.000000    
        ideepc     3303.070000000000         1.000000         0.000000    
        iminec     24277.10000000000         1.000000         0.000000    
         isoln     2313.430000000000         1.000000         0.000000    
         iavln     2.335000000000000         1.000000         0.000000    
        turnon     200.0000000000000         1.000000         0.000000    
