  double point
         cmax3     150.6000000000000         1.000000         0.000000    
         nmax3     6.500000000000000         1.000000         0.000000    
       cfalll3    8.3000000000000004E-02     1.000000         0.000000    
       cfallr3    8.3000000000000004E-02     1.000000         0.000000    
       nfalll3    2.5000000000000001E-02     1.000000         0.000000    
       nfallr3    2.1499999999999998E-02     1.000000         0.000000    
         krb03    -3.000000000000000         1.000000         0.000000    
         krb23    -2.100000000000000         1.000000         0.000000    
         cmax4     50.40000000000000         1.000000         0.000000    
         nmax4     2.600000000000000         1.000000         0.000000    
       cfalll4    8.3000000000000004E-02     1.000000         0.000000    
       cfallr4    5.0999999999999997E-02     1.000000         0.000000    
       nfalll4    2.3000000000000000E-02     1.000000         0.000000    
       nfallr4    1.4999999999999999E-02     1.000000         0.000000    
         krb04    -2.100000000000000         1.000000         0.000000    
         krb24    -2.100000000000000         1.000000         0.000000    
         cmax5     90.09999999999999         1.000000         0.000000    
         nmax5     3.000000000000000         1.000000         0.000000    
       cfalll5    8.9999999999999993E-03     1.000000         0.000000    
       cfallr5     0.000000000000000         1.000000         0.000000    
       nfalll5    2.0000000000000000E-03     1.000000         0.000000    
       nfallr5     0.000000000000000         1.000000         0.000000    
         krb05    -2.500000000000000         1.000000         0.000000    
         krb25     0.000000000000000         1.000000         0.000000    
         cmax6     70.70000000000000         1.000000         0.000000    
         nmax6     2.100000000000000         1.000000         0.000000    
       cfalll6    1.0999999999999999E-02     1.000000         0.000000    
       cfallr6     0.000000000000000         1.000000         0.000000    
       nfalll6    2.0000000000000000E-03     1.000000         0.000000    
       nfallr6     0.000000000000000         1.000000         0.000000    
         krb06    -3.500000000000000         1.000000         0.000000    
         krb26     0.000000000000000         1.000000         0.000000    
          mnup     8.650000000000000         1.000000         0.000000    
       kdcmoss    8.9999999999999993E-03     1.000000         0.000000    
       kdcrawc    7.0000000000000007E-02     1.000000         0.000000    
       kdcsoma    9.7000000000000003E-03     1.000000         0.000000    
      kdcsompr    1.0000000000000000E-03     1.000000         0.000000    
      kdcsomcr    8.0000000000000007E-05     1.000000         0.000000    
        imossc    0.1000000000000000         1.000000         0.000000    
        ishlwc     10000.00000000000         1.000000         0.000000    
        ideepc     20000.00000000000         1.000000         0.000000    
        iminec     24000.00000000000         1.000000         0.000000    
         isoln     2220.200000000000         1.000000         0.000000    
         iavln     1.710000000000000         1.000000         0.000000    
