  double point
         cmax3     558.9969682000000         1.000000         0.000000    
         nmax3     5.336721823000000         1.000000         0.000000    
       cfalll3    5.0813955299999998E-02     1.000000         0.000000    
       cfallr3    4.0889088400000002E-02     1.000000         0.000000    
       nfalll3    3.6768442100000000E-02     1.000000         0.000000    
       nfallr3    2.1847564900000001E-02     1.000000         0.000000    
         krb03    -3.996463120000000         1.000000         0.000000    
         krb23    -3.998036310000000         1.000000         0.000000    
         cmax4     51.30590479000000         1.000000         0.000000    
         nmax4     2.599550682000000         1.000000         0.000000    
       cfalll4    8.2829247699999997E-02     1.000000         0.000000    
       cfallr4    5.1122740100000001E-02     1.000000         0.000000    
       nfalll4    2.3642523799999999E-02     1.000000         0.000000    
       nfallr4    1.5199497200000000E-02     1.000000         0.000000    
         krb04    -2.100000000000000         1.000000         0.000000    
         krb24    -2.100000000000000         1.000000         0.000000    
         cmax5     89.49731242999999         1.000000         0.000000    
         nmax5     3.000000000000000         1.000000         0.000000    
       cfalll5    9.5183144999999997E-03     1.000000         0.000000    
       cfallr5     0.000000000000000         1.000000         0.000000    
       nfalll5    2.0036688000000000E-03     1.000000         0.000000    
       nfallr5     0.000000000000000         1.000000         0.000000    
         krb05    -2.500000000000000         1.000000         0.000000    
         krb25     0.000000000000000         1.000000         0.000000    
         cmax6     70.11641092000001         1.000000         0.000000    
         nmax6     2.100000000000000         1.000000         0.000000    
       cfalll6    1.0438509300000001E-02     1.000000         0.000000    
       cfallr6     0.000000000000000         1.000000         0.000000    
       nfalll6    1.9934520000000002E-03     1.000000         0.000000    
       nfallr6     0.000000000000000         1.000000         0.000000    
         krb06    -3.500749050000000         1.000000         0.000000    
         krb26     0.000000000000000         1.000000         0.000000    
          mnup     2.526474580000000         1.000000         0.000000    
       kdcmoss    5.8252989999999999E-03     1.000000         0.000000    
       kdcrawc    7.8688691000000005E-02     1.000000         0.000000    
       kdcsoma    1.0076002000000001E-02     1.000000         0.000000    
      kdcsompr    2.4574969999999999E-03     1.000000         0.000000    
      kdcsomcr    1.0145399999999999E-05     1.000000         0.000000    
        imossc     1034.667882000000         1.000000         0.000000    
        ishlwc     783.5899318000000         1.000000         0.000000    
        ideepc     2973.744302000000         1.000000         0.000000    
        iminec     25592.71812000000         1.000000         0.000000    
         isoln     2201.292061000000         1.000000         0.000000    
         iavln    0.5280000000000000         1.000000         0.000000    
