  double point
         cmax3     1000.000000000000         1.000000         0.000000    
         nmax3     5.979151451000000         1.000000         0.000000    
       cfalll3    1.0000000000000000E-03     1.000000         0.000000    
       cfallr3    4.8309862900000000E-02     1.000000         0.000000    
       nfalll3    2.9999999999999999E-02     1.000000         0.000000    
       nfallr3    7.3906658099999994E-02     1.000000         0.000000    
         krb03    -3.804564360000000         1.000000         0.000000    
         krb23    -2.856394990000000         1.000000         0.000000    
         cmax4     256.9160699000000         1.000000         0.000000    
         nmax4     5.037527396000000         1.000000         0.000000    
       cfalll4    7.6305218899999999E-02     1.000000         0.000000    
       cfallr4    1.5722781299999999E-02     1.000000         0.000000    
       nfalll4    1.0671373000000000E-02     1.000000         0.000000    
       nfallr4    5.8533683000000000E-03     1.000000         0.000000    
         krb04    -2.000000000000000         1.000000         0.000000    
         krb24    -2.100000000000000         1.000000         0.000000    
         cmax5     21.60579867000000         1.000000         0.000000    
         nmax5     3.000000000000000         1.000000         0.000000    
       cfalll5    3.8965441000000001E-03     1.000000         0.000000    
       cfallr5     0.000000000000000         1.000000         0.000000    
       nfalll5    1.9967229000000001E-03     1.000000         0.000000    
       nfallr5     0.000000000000000         1.000000         0.000000    
         krb05    -2.500000000000000         1.000000         0.000000    
         krb25     0.000000000000000         1.000000         0.000000    
         cmax6     217.2060938000000         1.000000         0.000000    
         nmax6     2.100000000000000         1.000000         0.000000    
       cfalll6    4.6224393300000000E-02     1.000000         0.000000    
       cfallr6     0.000000000000000         1.000000         0.000000    
       nfalll6    1.2814809000000001E-03     1.000000         0.000000    
       nfallr6     0.000000000000000         1.000000         0.000000    
         krb06    -2.198612940000000         1.000000         0.000000    
         krb26     0.000000000000000         1.000000         0.000000    
          mnup     2.408833090000000         1.000000         0.000000    
       kdcmoss    5.4966989999999999E-03     1.000000         0.000000    
       kdcrawc    8.0615912999999997E-02     1.000000         0.000000    
       kdcsoma    1.0130670000000000E-02     1.000000         0.000000    
      kdcsompr    2.4680190000000001E-03     1.000000         0.000000    
      kdcsomcr    1.0011600000000001E-05     1.000000         0.000000    
        imossc     901.3419017000000         1.000000         0.000000    
        ishlwc     4000.000000000000         1.000000         0.000000    
        ideepc     3409.987158000000         1.000000         0.000000    
        iminec     34080.89993000000         1.000000         0.000000    
         isoln     2237.141522000000         1.000000         0.000000    
         iavln     14.50000000000000         1.000000         0.000000    
