  double point
         cmax3     1000.000000000000         1.000000         0.000000    
         nmax3     5.999960799000000         1.000000         0.000000    
       cfalll3    5.0000000000000001E-03     1.000000         0.000000    
       cfallr3    4.4456160100000003E-02     1.000000         0.000000    
       nfalll3    2.9999999999999999E-02     1.000000         0.000000    
       nfallr3    7.3906658099999994E-02     1.000000         0.000000    
         krb03    -3.854821910000000         1.000000         0.000000    
         krb23    -3.004221350000000         1.000000         0.000000    
         cmax4     870.5897163000000         1.000000         0.000000    
         nmax4     4.999882481000000         1.000000         0.000000    
       cfalll4    8.3333000000000004E-02     1.000000         0.000000    
       cfallr4    2.7860590099999999E-02     1.000000         0.000000    
       nfalll4    8.4903839000000005E-03     1.000000         0.000000    
       nfallr4    7.0031349000000001E-03     1.000000         0.000000    
         krb04    -2.000000000000000         1.000000         0.000000    
         krb24    -2.100000000000000         1.000000         0.000000    
         cmax5     79.83665705000000         1.000000         0.000000    
         nmax5     3.000000000000000         1.000000         0.000000    
       cfalll5    1.0037367400000000E-02     1.000000         0.000000    
       cfallr5     0.000000000000000         1.000000         0.000000    
       nfalll5    1.9960614000000001E-03     1.000000         0.000000    
       nfallr5     0.000000000000000         1.000000         0.000000    
         krb05    -2.500000000000000         1.000000         0.000000    
         krb25     0.000000000000000         1.000000         0.000000    
         cmax6     200.0000000000000         1.000000         0.000000    
         nmax6     2.100000000000000         1.000000         0.000000    
       cfalll6    2.9716002900000000E-02     1.000000         0.000000    
       cfallr6     0.000000000000000         1.000000         0.000000    
       nfalll6    1.6319060000000000E-03     1.000000         0.000000    
       nfallr6     0.000000000000000         1.000000         0.000000    
         krb06    -3.036688040000000         1.000000         0.000000    
         krb26     0.000000000000000         1.000000         0.000000    
          mnup     2.400061230000000         1.000000         0.000000    
       kdcmoss    5.9417530000000001E-03     1.000000         0.000000    
       kdcrawc    6.1330110000000000E-02     1.000000         0.000000    
       kdcsoma    1.0119773000000000E-02     1.000000         0.000000    
      kdcsompr    2.4345909999999998E-03     1.000000         0.000000    
      kdcsomcr    1.0000000000000001E-05     1.000000         0.000000    
        imossc     1000.000005000000         1.000000         0.000000    
        ishlwc     3135.817001000000         1.000000         0.000000    
        ideepc     3528.028341000000         1.000000         0.000000    
        iminec     28541.25681000000         1.000000         0.000000    
         isoln     2348.156784000000         1.000000         0.000000    
         iavln     14.50000000000000         1.000000         0.000000    
