  double point
         cmax3     550.4548980000000         1.000000         0.000000    
         nmax3     4.717200581000000         1.000000         0.000000    
       cfalll3    4.7341923500000001E-02     1.000000         0.000000    
       cfallr3    4.2127972299999997E-02     1.000000         0.000000    
       nfalll3    3.9822957100000000E-02     1.000000         0.000000    
       nfallr3    1.9146912400000000E-02     1.000000         0.000000    
         krb03    -4.000722320000000         1.000000         0.000000    
         krb23    -3.990245590000000         1.000000         0.000000    
         cmax4     50.40000000000000         1.000000         0.000000    
         nmax4     2.600000000000000         1.000000         0.000000    
       cfalll4    8.3000000000000004E-02     1.000000         0.000000    
       cfallr4    5.0999999999999997E-02     1.000000         0.000000    
       nfalll4    2.3000000000000000E-02     1.000000         0.000000    
       nfallr4    1.4999999999999999E-02     1.000000         0.000000    
         krb04    -2.100000000000000         1.000000         0.000000    
         krb24    -2.100000000000000         1.000000         0.000000    
         cmax5     90.09999999999999         1.000000         0.000000    
         nmax5     3.000000000000000         1.000000         0.000000    
       cfalll5    8.9999999999999993E-03     1.000000         0.000000    
       cfallr5     0.000000000000000         1.000000         0.000000    
       nfalll5    2.0000000000000000E-03     1.000000         0.000000    
       nfallr5     0.000000000000000         1.000000         0.000000    
         krb05    -2.500000000000000         1.000000         0.000000    
         krb25     0.000000000000000         1.000000         0.000000    
         cmax6     70.70000000000000         1.000000         0.000000    
         nmax6     2.100000000000000         1.000000         0.000000    
       cfalll6    1.0999999999999999E-02     1.000000         0.000000    
       cfallr6     0.000000000000000         1.000000         0.000000    
       nfalll6    2.0000000000000000E-03     1.000000         0.000000    
       nfallr6     0.000000000000000         1.000000         0.000000    
         krb06    -3.500000000000000         1.000000         0.000000    
         krb26     0.000000000000000         1.000000         0.000000    
          mnup     3.035025430000000         1.000000         0.000000    
       kdcmoss    5.9189009999999998E-03     1.000000         0.000000    
       kdcrawc    7.6436568999999996E-02     1.000000         0.000000    
       kdcsoma    9.7212349999999999E-03     1.000000         0.000000    
      kdcsompr    2.3158020000000001E-03     1.000000         0.000000    
      kdcsomcr    9.8959999999999998E-06     1.000000         0.000000    
        imossc     1073.650081000000         1.000000         0.000000    
        ishlwc     760.4725258000000         1.000000         0.000000    
        ideepc     3102.171828000000         1.000000         0.000000    
        iminec     20392.77519000000         1.000000         0.000000    
         isoln     1971.262946000000         1.000000         0.000000    
         iavln    0.5280000000000000         1.000000         0.000000    
