  double point
         cmax3     685.8286255000000         1.000000         0.000000    
         nmax3     7.889952383000000         1.000000         0.000000    
       cfalll3    3.1857423300000000E-02     1.000000         0.000000    
       cfallr3    4.7720661700000000E-02     1.000000         0.000000    
       nfalll3    8.3333000000000004E-02     1.000000         0.000000    
       nfallr3    3.3912366300000003E-02     1.000000         0.000000    
         krb03    -3.603504220000000         1.000000         0.000000    
         krb23    -3.445179420000000         1.000000         0.000000    
          mnup     2.411483670000000         1.000000         0.000000    
       kdcmoss    6.9177010000000001E-03     1.000000         0.000000    
       kdcrawc    2.3774956999999999E-02     1.000000         0.000000    
       kdcsoma    1.0351776000000000E-02     1.000000         0.000000    
      kdcsompr    2.3732089999999998E-03     1.000000         0.000000    
      kdcsomcr    1.0007099999999999E-05     1.000000         0.000000    
        imossc     1059.180081000000         1.000000         0.000000    
        ishlwc     767.1623569000000         1.000000         0.000000    
        ideepc     3030.328644000000         1.000000         0.000000    
        iminec     21681.83673000000         1.000000         0.000000    
         isoln     2280.503234000000         1.000000         0.000000    
         iavln    0.5280000000000000         1.000000         0.000000    
