  double point
         cmax0     267.5230000000000         1.000000         0.000000    
         nmax0     4.500000000000000         1.000000         0.000000    
       cfalll0    8.3299999999999999E-02     1.000000         0.000000    
       cfallw0    2.3175589999999999E-02     1.000000         0.000000    
       cfallr0    3.1886379999999999E-02     1.000000         0.000000    
       nfalll0    2.0000000000000000E-02     1.000000         0.000000    
       nfallw0    1.0000000000000000E-02     1.000000         0.000000    
       nfallr0    1.1999999999999999E-03     1.000000         0.000000    
         krb00    -2.300000000000000         1.000000         0.000000    
         krb10    -5.582800000000000         1.000000         0.000000    
         krb20    -3.191500000000000         1.000000         0.000000    
         cmax1     635.4170000000000         1.000000         0.000000    
         nmax1     8.500000000000000         1.000000         0.000000    
       cfalll1    8.2857120000000006E-02     1.000000         0.000000    
       cfallw1    1.8756200000000001E-02     1.000000         0.000000    
       cfallr1    2.3680739999999999E-02     1.000000         0.000000    
       nfalll1    2.8000000000000001E-02     1.000000         0.000000    
       nfallw1    1.2999999999999999E-02     1.000000         0.000000    
       nfallr1    8.9999999999999993E-03     1.000000         0.000000    
         krb01    -3.869500000000000         1.000000         0.000000    
         krb11    -6.182700000000000         1.000000         0.000000    
         krb21    -2.050000000000000         1.000000         0.000000    
         cmax2     106.2130000000000         1.000000         0.000000    
         nmax2    0.8100000000000001         1.000000         0.000000    
       cfalll2    8.3299999999999999E-02     1.000000         0.000000    
       cfallw2    7.6794599999999999E-03     1.000000         0.000000    
       cfallr2    4.6809490000000002E-02     1.000000         0.000000    
       nfalll2    2.8000000000000001E-02     1.000000         0.000000    
       nfallw2    5.0000000000000001E-03     1.000000         0.000000    
       nfallr2    1.6000000000000000E-02     1.000000         0.000000    
         krb02    -7.488300000000000         1.000000         0.000000    
         krb12    -3.904800000000000         1.000000         0.000000    
         krb22    -1.000000000000000         1.000000         0.000000    
         cmax3     56.73800000000000         1.000000         0.000000    
         nmax3    0.1900000000000000         1.000000         0.000000    
       cfalll3    2.0950040000000000E-02     1.000000         0.000000    
       cfallw3    2.6666699999999999E-03     1.000000         0.000000    
       cfallr3    1.2494109999999999E-02     1.000000         0.000000    
       nfalll3    1.0999999999999999E-02     1.000000         0.000000    
       nfallw3    6.0000000000000001E-03     1.000000         0.000000    
       nfallr3    5.5000000000000000E-02     1.000000         0.000000    
         krb03    -3.319700000000000         1.000000         0.000000    
         krb13    -5.789400000000000         1.000000         0.000000    
         krb23    -2.500000000000000         1.000000         0.000000    
         cmax4     123.3010000000000         1.000000         0.000000    
         nmax4    0.2300000000000000         1.000000         0.000000    
       cfalll4    3.5837519999999998E-02     1.000000         0.000000    
       cfallw4     0.000000000000000         1.000000         0.000000    
       cfallr4    3.0924480000000001E-02     1.000000         0.000000    
       nfalll4    4.2000000000000003E-02     1.000000         0.000000    
       nfallw4     0.000000000000000         1.000000         0.000000    
       nfallr4    4.2000000000000003E-02     1.000000         0.000000    
         krb04    -1.200000000000000         1.000000         0.000000    
         krb14     0.000000000000000         1.000000         0.000000    
         krb24    -3.303000000000000         1.000000         0.000000    
         cmax5     75.47410000000001         1.000000         0.000000    
         nmax5    0.7600000000000000         1.000000         0.000000    
       cfalll5    8.3299999999999999E-02     1.000000         0.000000    
       cfallw5     0.000000000000000         1.000000         0.000000    
       cfallr5    8.3299999999999999E-02     1.000000         0.000000    
       nfalll5    4.2000000000000003E-02     1.000000         0.000000    
       nfallw5     0.000000000000000         1.000000         0.000000    
       nfallr5    4.2000000000000003E-02     1.000000         0.000000    
         krb05    -3.599900000000000         1.000000         0.000000    
         krb15     0.000000000000000         1.000000         0.000000    
         krb25    -1.800000000000000         1.000000         0.000000    
         cmax6     26.86660000000000         1.000000         0.000000    
         nmax6    0.2900000000000000         1.000000         0.000000    
       cfalll6    8.2996059999999997E-02     1.000000         0.000000    
       cfallw6     0.000000000000000         1.000000         0.000000    
       cfallr6    8.3151450000000002E-02     1.000000         0.000000    
       nfalll6    4.2000000000000003E-02     1.000000         0.000000    
       nfallw6     0.000000000000000         1.000000         0.000000    
       nfallr6    4.2000000000000003E-02     1.000000         0.000000    
         krb06    -4.100000000000000         1.000000         0.000000    
         krb16     0.000000000000000         1.000000         0.000000    
         krb26    -1.600000000000000         1.000000         0.000000    
         cmax7     29.19240000000000         1.000000         0.000000    
         nmax7    0.2000000000000000         1.000000         0.000000    
       cfalll7    2.5078000000000000E-02     1.000000         0.000000    
       cfallw7     0.000000000000000         1.000000         0.000000    
       cfallr7     0.000000000000000         1.000000         0.000000    
       nfalll7    1.4999999999999999E-02     1.000000         0.000000    
       nfallw7     0.000000000000000         1.000000         0.000000    
       nfallr7     0.000000000000000         1.000000         0.000000    
         krb07    -3.114200000000000         1.000000         0.000000    
         krb17     0.000000000000000         1.000000         0.000000    
         krb27     0.000000000000000         1.000000         0.000000    
         cmax8     138.2640000000000         1.000000         0.000000    
         nmax8    0.1000000000000000         1.000000         0.000000    
       cfalll8    2.1739870000000001E-02     1.000000         0.000000    
       cfallw8     0.000000000000000         1.000000         0.000000    
       cfallr8     0.000000000000000         1.000000         0.000000    
       nfalll8    2.0000000000000000E-02     1.000000         0.000000    
       nfallw8     0.000000000000000         1.000000         0.000000    
       nfallr8     0.000000000000000         1.000000         0.000000    
         krb08    -3.910100000000000         1.000000         0.000000    
         krb18     0.000000000000000         1.000000         0.000000    
         krb28     0.000000000000000         1.000000         0.000000    
          mnup     2.652500000000000         1.000000         0.000000    
       kdcmoss    5.7042000000000004E-03     1.000000         0.000000    
       kdcrawc    9.0704199999999999E-02     1.000000         0.000000    
       kdcsoma    1.5804599999999999E-02     1.000000         0.000000    
      kdcsompr    2.0804999999999999E-03     1.000000         0.000000    
      kdcsomcr    1.0800000000000000E-05     1.000000         0.000000    
        imossc     100.0000000000000         1.000000         0.000000    
        ishlwc     1783.000000000000         1.000000         0.000000    
        ideepc     5021.000000000000         1.000000         0.000000    
        iminec     9000.000000000000         1.000000         0.000000    
         isoln     363.0000000000000         1.000000         0.000000    
         iavln    0.7600000000000000         1.000000         0.000000    
        turnon     200.0000000000000         1.000000         0.000000    
