  double point
         cmax3     690.3838349000000         1.000000         0.000000    
         nmax3     14.23640468000000         1.000000         0.000000    
       cfalll3    8.1620630400000005E-02     1.000000         0.000000    
       cfallr3    3.4182853100000000E-02     1.000000         0.000000    
       nfalll3    7.7640160200000002E-02     1.000000         0.000000    
       nfallr3    3.6768664100000001E-02     1.000000         0.000000    
         krb03    -1.831848550000000         1.000000         0.000000    
         krb23    -1.753282090000000         1.000000         0.000000    
         cmax4     50.40000000000000         1.000000         0.000000    
         nmax4     2.600000000000000         1.000000         0.000000    
       cfalll4    8.3000000000000004E-02     1.000000         0.000000    
       cfallr4    5.0999999999999997E-02     1.000000         0.000000    
       nfalll4    2.3000000000000000E-02     1.000000         0.000000    
       nfallr4    1.4999999999999999E-02     1.000000         0.000000    
         krb04    -2.100000000000000         1.000000         0.000000    
         krb24    -2.100000000000000         1.000000         0.000000    
         cmax5     90.09999999999999         1.000000         0.000000    
         nmax5     3.000000000000000         1.000000         0.000000    
       cfalll5    8.9999999999999993E-03     1.000000         0.000000    
       cfallr5     0.000000000000000         1.000000         0.000000    
       nfalll5    2.0000000000000000E-03     1.000000         0.000000    
       nfallr5     0.000000000000000         1.000000         0.000000    
         krb05    -2.500000000000000         1.000000         0.000000    
         krb25     0.000000000000000         1.000000         0.000000    
         cmax6     70.70000000000000         1.000000         0.000000    
         nmax6     2.100000000000000         1.000000         0.000000    
       cfalll6    1.0999999999999999E-02     1.000000         0.000000    
       cfallr6     0.000000000000000         1.000000         0.000000    
       nfalll6    2.0000000000000000E-03     1.000000         0.000000    
       nfallr6     0.000000000000000         1.000000         0.000000    
         krb06    -3.500000000000000         1.000000         0.000000    
         krb26     0.000000000000000         1.000000         0.000000    
          mnup     1.988252440000000         1.000000         0.000000    
       kdcmoss    6.0958059999999996E-03     1.000000         0.000000    
       kdcrawc    3.2880176999999997E-02     1.000000         0.000000    
       kdcsoma    1.4606144999999999E-02     1.000000         0.000000    
      kdcsompr    1.3841640000000000E-03     1.000000         0.000000    
      kdcsomcr    9.1926700000000005E-06     1.000000         0.000000    
        imossc     951.1315053000000         1.000000         0.000000    
        ishlwc     539.7678671000000         1.000000         0.000000    
        ideepc     3067.035095000000         1.000000         0.000000    
        iminec     5911.943666000000         1.000000         0.000000    
         isoln     2264.712674000000         1.000000         0.000000    
         iavln    0.5280000000000000         1.000000         0.000000    
